# Mon 11:51:27 31-Oct-2022
begin	identify lamp_HCT_fear_Gr7_s167_202208 - Ap 1
	id	lamp_HCT_fear_Gr7_s167_202208
	task	identify
	image	lamp_HCT_fear_Gr7_s167_202208 - Ap 1
	aperture	1
	aplow	98.08
	aphigh	109.73
	units	Angstroms
	features	41
	         84.71 7635.08856   7635.106  10.0 1 1 ArI
	        231.42 7384.11061  7383.9805  10.0 1 1 ArI
	        297.25 7272.92683  7272.9359  10.0 1 1 ArI
	        372.42 7147.11367  7147.0416  10.0 1 1 ArI
	        420.63  7067.0704  7067.2181  10.0 1 1 ArI
	        482.32 6965.36424  6965.4307  10.0 1 1 ArI
	        540.47 6870.16224  6871.2891  10.0 1 1 ArI
	        657.78 6679.74669  6677.2817  10.0 1 1 ArI
	        704.59 6604.27275  6604.8534  10.0 1 1 ArI
	        822.00 6415.93028  6416.3071  10.0 1 1 ArII
	        975.64 6171.55008  6172.2778  10.0 1 1 FeI
	       1012.06 6114.03997  6114.9234  10.0 1 1 ArII
	       1063.36  6033.3433  6032.1274  10.0 1 1 ArI
	       1140.95 5912.06132  5912.0853  10.0 1 1 ArI
	       1311.36 5649.17676  5650.7043  10.0 1 1 ArI
	       1338.11 5608.30127   5606.733  10.0 1 1 ArI
	       1371.11 5558.03825   5558.702  10.0 1 1 ArI
	       1454.85 5431.09918  5429.6955  10.0 1 1 FeI
	       1494.42 5371.41852  5371.4892  10.0 1 1 FeI
	       1523.01 5328.39855  5328.0376  10.0 1 1 FeI
	       1561.99 5269.88916  5269.5366  10.0 1 1 FeI
	       1590.66 5226.95809  5227.1697  10.0 1 1 FeI
	       1630.08  5168.0893  5167.4873  10.0 1 1 FeI
	       1734.00 5013.81253  5017.1628  10.0 1 1 ArII
	       1767.80 4963.96228  4965.0795  10.0 1 1 ArII
	       1824.49 4880.73579  4879.8635  10.0 1 1 ArII
	       1875.57 4806.21087  4806.0205  10.0 1 1 ArII
	       1903.95  4764.9935  4764.8646  10.0 1 1 ArII
	       1928.65 4729.24934  4726.8683  10.0 1 1 ArII
	       1978.01 4658.14993  4657.9012  10.0 1 1 ArII
	       2056.78  4545.5872  4545.0519  10.0 1 1 ArII
	       2081.08 4511.08614  4510.7332  10.0 1 1 ArI
	       2102.45 4480.83341  4481.8107  10.0 1 1 ArII
	       2173.34 4380.99857  4383.5445  10.0 1 1 FeI
	       2196.12 4349.08991   4348.064  10.0 1 1 ArII
	       2248.13 4276.53234  4277.5282  10.0 1 1 ArII
	       2332.80     4159.3  4158.5905  10.0 1 1 ArI
	       2352.14 4132.66533  4131.7235  10.0 1 1 ArII
	       2372.71 4104.40343  4103.9121  10.0 1 1 ArII
	       2554.30  3858.9734  3859.9114  10.0 1 1 FeI
	       2660.15  3720.2442  3719.9346  10.0 1 1 FeI
	function spline3
	order 7
	sample *
	naverage 1
	niterate 0
	low_reject 3.
	high_reject 3.
	grow 0.
	coefficients	14
		3.
		7.
		1.
		2700.
		1410.026502337714
		1295.943102606426
		1186.333085974133
		1082.286516096391
		980.2828180498815
		882.5719380141409
		787.3809995512866
		696.8509334623556
		609.8605831263817
		532.7641349907103

# Mon 11:54:06 31-Oct-2022
begin	identify lamp_HCT_fear_Gr7_s167_202208 - Ap 1
	id	lamp_HCT_fear_Gr7_s167_202208
	task	identify
	image	lamp_HCT_fear_Gr7_s167_202208 - Ap 1
	aperture	1
	aplow	98.08
	aphigh	109.73
	units	Angstroms
	features	39
	         84.71 7635.11505   7635.106  10.0 1 1 ArI
	        231.42 7383.93304  7383.9805  10.0 1 1 ArI
	        297.25 7272.83487  7272.9359  10.0 1 1 ArI
	        372.42 7147.16544  7147.0416  10.0 1 1 ArI
	        420.63 7067.23191  7067.2181  10.0 1 1 ArI
	        442.86 7030.53853  7030.2514  10.0 1 1 ArI
	        482.32 6965.65484  6965.4307  10.0 1 1 ArI
	        540.47 6870.56229  6871.2891  10.0 1 1 ArI
	        612.90 6752.88063  6752.8335  10.0 1 1 ArI
	        704.59 6604.90082  6604.8534  10.0 1 1 ArI
	        822.00 6416.62518  6416.3071  10.0 1 1 ArII
	        975.64 6172.15997  6172.2778  10.0 1 1 FeI
	       1012.06 6114.60742  6114.9234  10.0 1 1 ArII
	       1140.95 5912.43145  5912.0853  10.0 1 1 ArI
	       1494.42 5371.16482  5371.4892  10.0 1 1 FeI
	       1523.01  5328.1275  5328.0376  10.0 1 1 FeI
	       1561.99 5269.61178  5269.5366  10.0 1 1 FeI
	       1590.66 5226.69462  5227.1697  10.0 1 1 FeI
	       1630.08 5167.83831  5167.4873  10.0 1 1 FeI
	       1824.49 4880.57591  4879.8635  10.0 1 1 ArII
	       1875.57 4806.01353  4806.0205  10.0 1 1 ArII
	       1903.95 4764.75591  4764.8646  10.0 1 1 ArII
	       1978.01  4657.7168  4657.9012  10.0 1 1 ArII
	       2011.66 4609.39206  4609.5673  10.0 1 1 ArII
	       2056.78 4544.88813  4545.0519  10.0 1 1 ArII
	       2081.08  4510.3116  4510.7332  10.0 1 1 ArI
	       2139.59 4427.49709  4427.3039  10.0 1 1 FeI
	       2173.34  4380.0226  4379.6668  10.0 1 1 ArII
	       2196.12 4348.10482   4348.064  10.0 1 1 ArII
	       2302.93 4199.86119  4200.6745  10.0 1 1 ArI
	       2332.80 4158.83738  4158.5905  10.0 1 1 ArI
	       2352.14 4132.37395  4131.7235  10.0 1 1 ArII
	       2372.71 4104.30427  4103.9121  10.0 1 1 ArII
	       2425.10 4033.20954  4033.8093  10.0 1 1 ArII
	       2534.11 3886.77268   3886.282  10.0 1 1 FeI
	       2554.30 3859.86265  3859.9114  10.0 1 1 FeI
	       2581.50 3823.67385  3824.4436  10.0 1 1 FeI
	       2639.90 3746.30599  3745.5608  10.0 1 1 FeI
	       2660.15 3719.57498  3719.9346  10.0 1 1 FeI
	function spline3
	order 7
	sample *
	naverage 1
	niterate 0
	low_reject 3.
	high_reject 3.
	grow 0.
	coefficients	14
		3.
		7.
		1.
		2700.
		1411.065919249102
		1295.80780734091
		1186.352090041966
		1082.432701544326
		980.3553570506014
		882.471326435674
		787.4341537050329
		696.4506169534061
		610.8114701114581
		527.3832753368533

